Number Atoms:          4
Number Vibrational Modes:          6
Vibrational modes printed here are in Cartesian coordinates (not mass-weighted)
                         0                    1                    2                    3 
            756.6397208932      1081.7397015215      1365.9671968198      1436.7961681430 
       -------------------  -------------------  -------------------  ------------------- 
    1        -0.0131354762        -0.1814780609         0.0160478952         0.0051193209 
              0.1246430018        -0.0339660474        -0.1523744199        -0.0125268011 
              0.0827276460         0.0223556971        -0.1017205887         0.0183191965 
    2        -0.0119358480         0.6971646230         0.0106327152         0.1841083458 
              0.1125777222         0.1282106301        -0.1063947598        -0.4916693827 
              0.0747394748        -0.0835524274        -0.0741993989         0.7705317975 
    3         0.0324759790         0.0461321715         0.0161025387        -0.0034956072 
             -0.1220115764         0.0085608725         0.0014158085        -0.0193301897 
              0.0791589481        -0.0058006309         0.1337716306        -0.0568338009 
    4        -0.0218691727         0.0460919386        -0.0288122445        -0.0119456037 
              0.0214061837         0.0088433270         0.1196051776         0.0597079186 
             -0.1459336756        -0.0057069101        -0.0527816969        -0.0054604731 

                         4                    5 
           1723.2181287971      2663.0551616044 
       -------------------  ------------------- 
    1         0.0480786527         0.0059644630 
             -0.1269681684        -0.0572021893 
              0.1984431915        -0.0377763697 
    2        -0.0458488295        -0.0842458582 
              0.1198478093         0.8030171787 
             -0.1895023627         0.5317396637 
    3        -0.0137213305        -0.0003693311 
              0.0170097081        -0.0017728621 
             -0.0860258162        -0.0058470080 
    4        -0.0194602304         0.0012028166 
              0.0706951925        -0.0059092388 
             -0.0509135249         0.0006838601 

