Number Atoms:          4
Number Vibrational Modes:          6
Vibrational modes printed here are in Cartesian coordinates (not mass-weighted)
                         0                    1                    2                    3 
            756.5150026646      1081.9519342550      1365.9212925813      1436.8029737794 
       -------------------  -------------------  -------------------  ------------------- 
    1         0.0131443228         0.1814205448         0.0160507132        -0.0051790742 
             -0.1246502245         0.0339585410        -0.1523553486         0.0126625314 
             -0.0827230066        -0.0223442021        -0.1017033708        -0.0185264825 
    2         0.0119374330        -0.6974158971         0.0106711312        -0.1839813524 
             -0.1125829961        -0.1282363207        -0.1066404929         0.4914922746 
             -0.0747296462         0.0835110497        -0.0743750372        -0.7703625692 
    3        -0.0324732766        -0.0461023327         0.0160962433         0.0035071429 
              0.1220060338        -0.0085560360         0.0014221870         0.0193245043 
             -0.0791649161         0.0058012499         0.1337803700         0.0569250521 
    4         0.0218597334        -0.0460627940        -0.0288104839         0.0119708956 
             -0.0213948901        -0.0088409131         0.1195999744        -0.0597929039 
              0.1459355436         0.0057002743        -0.0527922870         0.0055140729 

                         4                    5 
           1722.2115100306      2666.0411662115 
       -------------------  ------------------- 
    1         0.0480644866         0.0059726478 
             -0.1269412620        -0.0572542001 
              0.1984226174        -0.0378015866 
    2        -0.0460529525        -0.0842887967 
              0.1203653930         0.8030175736 
             -0.1903799978         0.5316580283 
    3        -0.0137093441        -0.0003636181 
              0.0169981368        -0.0017729678 
             -0.0859752230        -0.0058053618 
    4        -0.0194487273         0.0011936686 
              0.0706539650        -0.0058701374 
             -0.0508933836         0.0006662764 

